,Mean,Deviation,CV
1,4983.576,2856.5725805979446,0.5731973547906051
2,4847.216,2736.7177226276003,0.5645957850088793
3,5129.338,2841.0637169475804,0.553885066054836
4,5060.248,2863.8780984001396,0.5659560753544371
5,4792.44,2820.678293318825,0.5885683061903384
6,4880.71,2911.789654130257,0.5965914086537116
7,4968.496,2911.109873911323,0.5859136998221037
8,4843.338,2782.3838232271264,0.5744764918795935
9,4889.204,2912.523172505929,0.5957049803006643
10,5058.542,2890.627711801712,0.5714349533525098
